/*--------------------------------*- C++ -*----------------------------------*\
  =========                 |
  \\      /  F ield         | OpenFOAM: The Open Source CFD Toolbox
   \\    /   O peration     | Website:  https://openfoam.org
    \\  /    A nd           | Version:  9
     \\/     M anipulation  |
\*---------------------------------------------------------------------------*/
FoamFile
{
    format      ascii;
    class       volVectorField;
    location    "0";
    object      wallShearStress;
}
// * * * * * * * * * * * * * * * * * * * * * * * * * * * * * * * * * * * * * //

dimensions      [0 2 -2 0 0 0 0];

internalField   uniform (0 0 0);

boundaryField
{
    FrontandBack
    {
        type            empty;
    }
    Inlet
    {
        type            calculated;
        value           uniform (0 0 0);
    }
    Aerofoil
    {
        type            calculated;
        value           nonuniform List<vector> 
1567
(
(-0.215235 -0.0720568 0)
(-0.215012 -0.072006 0)
(-0.214777 -0.0719576 0)
(-0.214486 -0.0718719 0)
(-0.2142 -0.0717984 0)
(-0.213931 -0.071732 -5.59775e-22)
(-0.213686 -0.0716749 0)
(-0.213421 -0.0716192 0)
(-0.213124 -0.0715523 -4.95148e-22)
(-0.212822 -0.0714719 0)
(-0.212544 -0.0714089 0)
(-0.21231 -0.0713737 0)
(-0.212026 -0.0713095 0)
(-0.211775 -0.0712608 0)
(-0.211571 -0.0712355 0)
(-0.211371 -0.0712111 0)
(-0.211228 -0.0712073 0)
(-0.211114 -0.0712186 6.80048e-22)
(-0.211063 -0.0712562 -1.30467e-21)
(-0.211076 -0.0713127 1.25111e-21)
(-0.21118 -0.0714069 0)
(-0.211357 -0.0715359 0)
(-0.211646 -0.0717014 1.10544e-21)
(-0.212044 -0.0719134 0)
(-0.21258 -0.0721772 0)
(-0.213297 -0.0725078 0)
(-0.214198 -0.0729102 -1.88396e-21)
(-0.215285 -0.0733877 0)
(-0.216628 -0.0739594 0)
(-0.218206 -0.0746274 0)
(-0.22006 -0.0753984 0)
(-0.222276 -0.0763118 0)
(-0.224805 -0.07735 -3.03522e-21)
(-0.227651 -0.0785134 0)
(-0.230846 -0.0798123 0)
(-0.234398 -0.0812469 0)
(-0.23825 -0.0827858 0)
(-0.242341 -0.0843768 0)
(-0.246523 -0.0859118 0)
(-0.250616 -0.0872189 4.98535e-21)
(-0.254628 -0.0881617 0)
(-0.258629 -0.0886689 -9.40316e-21)
(-0.260788 -0.0869758 9.20777e-21)
(-0.260437 -0.0790335 -9.14676e-21)
(-0.263235 -0.0607684 0)
(-0.272854 -0.0398593 -3.53027e-23)
(-0.280933 -0.0274095 0)
(-0.283783 -0.0211545 0)
(-0.283147 -0.0176052 0)
(-0.280445 -0.0154399 0)
(-0.27653 -0.01411 0)
(-0.271937 -0.0133481 -8.18162e-21)
(-0.266989 -0.0130053 0)
(-0.261957 -0.0129944 0)
(-0.25712 -0.0133035 0)
(-0.252416 -0.0138915 0)
(-0.247711 -0.0146206 0)
(-0.243055 -0.015364 -3.82638e-21)
(-0.23856 -0.0160454 0)
(-0.23429 -0.0166373 3.78671e-21)
(-0.230329 -0.01713 3.79189e-21)
(-0.226735 -0.0175423 0)
(-0.223523 -0.0178867 0)
(-0.22071 -0.0181782 -1.95072e-21)
(-0.218294 -0.0184238 1.9846e-21)
(-0.216277 -0.018652 2.02427e-21)
(-0.214572 -0.0188545 0)
(-0.213205 -0.0190451 0)
(-0.212134 -0.019216 1.09159e-21)
(-0.211338 -0.0193914 0)
(-0.21077 -0.0195645 0)
(-0.210397 -0.0197282 1.19758e-21)
(-0.210234 -0.0198909 0)
(-0.210246 -0.0200578 0)
(-0.210355 -0.0202278 -1.3287e-21)
(-0.210619 -0.0203858 6.89261e-22)
(-0.210986 -0.0205437 0)
(-0.211431 -0.0207117 0)
(-0.211984 -0.0208662 0)
(-0.212563 -0.0210315 0)
(-0.213189 -0.0211938 0)
(-0.213881 -0.0213338 0)
(-0.214582 -0.0214914 9.0267e-22)
(-0.215244 -0.0216508 0)
(-0.215991 -0.0217825 -4.88062e-22)
(-0.216726 -0.0219205 0)
(-0.217412 -0.0220706 0)
(-0.218166 -0.0221905 0)
(-0.218856 -0.0223262 0)
(-0.21958 -0.0224315 -5.94759e-22)
(-0.220206 -0.0225767 0)
(-0.220846 -0.022676 0)
(-0.221506 -0.0227835 0)
(-0.222088 -0.0228971 0)
(-0.222683 -0.0229989 0)
(-0.223212 -0.023087 0)
(-0.223791 -0.0231744 0)
(-0.224299 -0.0232693 -4.04699e-22)
(-0.224688 -0.0233458 0)
(-0.211549 -0.0293914 0)
(-0.211357 -0.0295284 -1.16971e-21)
(-0.211175 -0.0296746 0)
(-0.210989 -0.0298223 0)
(-0.210761 -0.0299804 0)
(-0.21053 -0.0301365 0)
(-0.210315 -0.0303016 1.06866e-21)
(-0.210085 -0.0304808 0)
(-0.209844 -0.0306588 0)
(-0.209597 -0.0308507 -9.97663e-22)
(-0.209337 -0.031041 -9.7295e-22)
(-0.209084 -0.0312455 -9.46829e-22)
(-0.208849 -0.0314561 9.2055e-22)
(-0.208576 -0.0316828 -8.91943e-22)
(-0.208312 -0.0319062 0)
(-0.208027 -0.0321462 -8.33745e-22)
(-0.20776 -0.032386 8.03975e-22)
(-0.207482 -0.0326428 0)
(-0.20721 -0.0329039 0)
(-0.206924 -0.0331714 3.5385e-22)
(-0.206626 -0.0334474 0)
(-0.206357 -0.0337246 3.20257e-22)
(-0.206087 -0.0340105 0)
(-0.205823 -0.0342976 0)
(-0.205581 -0.0345872 0)
(-0.205318 -0.0348799 0)
(-0.205065 -0.0351574 0)
(-0.204849 -0.0354334 0)
(-0.204646 -0.0357029 0)
(-0.204463 -0.0359575 0)
(-0.204303 -0.0361891 0)
(-0.204156 -0.0364047 1.63931e-22)
(-0.204024 -0.036597 -1.53007e-22)
(-0.203893 -0.0367766 0)
(-0.203788 -0.0369684 0)
(-0.203667 -0.0371667 1.21024e-22)
(-0.20356 -0.0373622 0)
(-0.203429 -0.0375691 0)
(-0.203326 -0.0377705 0)
(-0.203216 -0.0379863 -7.56651e-23)
(-0.203078 -0.0381927 6.40047e-23)
(-0.202974 -0.0384032 0)
(-0.2029 -0.0386216 0)
(-0.202799 -0.0388379 0)
(-0.202692 -0.0390527 -1.73007e-23)
(-0.202592 -0.0392596 6.00521e-24)
(-0.202514 -0.0394693 0)
(-0.202435 -0.0396842 1.6727e-23)
(-0.202345 -0.03988 2.73751e-23)
(-0.202281 -0.0400807 0)
(-0.20222 -0.0402819 0)
(-0.20215 -0.0404654 0)
(-0.202083 -0.0406493 6.8344e-23)
(-0.202035 -0.0408245 0)
(-0.201978 -0.0409932 0)
(-0.20192 -0.0411487 0)
(-0.201933 -0.0413298 -1.03797e-22)
(-0.201896 -0.04149 -1.1212e-22)
(-0.201796 -0.0416307 1.20263e-22)
(-0.201804 -0.0417893 0)
(-0.201792 -0.0419541 1.36387e-22)
(-0.20175 -0.0420993 1.44106e-22)
(-0.201692 -0.042249 0)
(-0.201625 -0.0423702 1.58994e-22)
(-0.201671 -0.042544 1.67053e-22)
(-0.201637 -0.0426853 0)
(-0.201608 -0.0428094 9.06053e-23)
(-0.201644 -0.042975 0)
(-0.201566 -0.0431016 9.80484e-23)
(-0.201542 -0.0432288 0)
(-0.201515 -0.0433607 0)
(-0.201557 -0.043504 -1.08192e-22)
(-0.201554 -0.0436479 0)
(-0.201485 -0.0437531 0)
(-0.201512 -0.043898 0)
(-0.201513 -0.0440199 0)
(-0.201496 -0.0441484 -1.24738e-22)
(-0.201483 -0.044268 0)
(-0.201468 -0.0443917 1.30955e-22)
(-0.201457 -0.0445055 0)
(-0.201463 -0.0446341 1.37039e-22)
(-0.201464 -0.0447446 1.39949e-22)
(-0.201517 -0.0448782 1.42981e-22)
(-0.201508 -0.0449924 0)
(-0.201501 -0.0451072 0)
(-0.201496 -0.0452109 -1.51562e-22)
(-0.20149 -0.0453258 0)
(-0.201486 -0.0454354 0)
(-0.201483 -0.0455452 0)
(-0.20148 -0.0456446 0)
(-0.201479 -0.0457545 0)
(-0.201495 -0.045858 -1.67835e-22)
(-0.201512 -0.0459668 -1.70533e-22)
(-0.201513 -0.0460667 0)
(-0.201504 -0.0461644 1.75627e-22)
(-0.201564 -0.0462774 0)
(-0.201577 -0.046385 0)
(-0.20154 -0.0464655 1.8302e-22)
(-0.201561 -0.0465698 1.85587e-22)
(-0.201554 -0.0466571 1.87861e-22)
(-0.201599 -0.0467617 0)
(-0.201605 -0.0468614 0)
(-0.201598 -0.0469444 0)
(-0.201673 -0.0470549 1.97322e-22)
(-0.201658 -0.0471399 0)
(-0.201666 -0.0472303 0)
(-0.201661 -0.0473178 0)
(-0.201707 -0.047412 2.06334e-22)
(-0.201716 -0.0475011 0)
(-0.201725 -0.0475879 0)
(-0.201751 -0.0476758 1.06371e-22)
(-0.201761 -0.0477664 0)
(-0.201771 -0.0478414 1.08455e-22)
(-0.201784 -0.0479294 0)
(-0.20183 -0.0480248 -1.10586e-22)
(-0.201803 -0.0480876 1.1155e-22)
(-0.201832 -0.0481774 0)
(-0.201829 -0.0482543 0)
(-0.201893 -0.0483505 1.14629e-22)
(-0.201871 -0.0484143 -1.156e-22)
(-0.20192 -0.0485066 0)
(-0.201948 -0.0485858 1.17531e-22)
(-0.20191 -0.048651 0)
(-0.201958 -0.0487327 0)
(-0.201973 -0.0488134 0)
(-0.201986 -0.0488836 0)
(-0.202018 -0.0489633 -1.22243e-22)
(-0.201998 -0.0490305 0)
(-0.202047 -0.0491092 0)
(-0.202096 -0.0491904 0)
(-0.202059 -0.049251 0)
(-0.202108 -0.0493296 0)
(-0.202124 -0.0494024 0)
(-0.202139 -0.0494704 0)
(-0.202155 -0.0495433 -1.29323e-22)
(-0.202171 -0.0496137 0)
(-0.202186 -0.0496766 0)
(-0.20222 -0.0497483 -1.31824e-22)
(-0.202254 -0.0498231 0)
(-0.202271 -0.0498938 0)
(-0.202267 -0.0499468 0)
(-0.202317 -0.0500275 -1.3521e-22)
(-0.202333 -0.0500873 1.35951e-22)
(-0.202351 -0.0501581 0)
(-0.202367 -0.050218 0)
(-0.202405 -0.0502902 0)
(-0.202387 -0.0503399 0)
(-0.202454 -0.0504175 0)
(-0.202454 -0.0504786 0)
(-0.20247 -0.0505333 0)
(-0.202489 -0.0506004 0)
(-0.202489 -0.0506547 0)
(-0.202504 -0.0507139 7.18472e-23)
(-0.202552 -0.0507816 7.22284e-23)
(-0.202575 -0.0508443 0)
(-0.202557 -0.050889 0)
(-0.202629 -0.050969 7.32996e-23)
(-0.202577 -0.0510052 0)
(-0.202642 -0.0510731 0)
(-0.20266 -0.0511321 0)
(-0.202679 -0.0511882 0)
(-0.202698 -0.0512474 0)
(-0.202715 -0.051298 7.5344e-23)
(-0.202729 -0.0513559 0)
(-0.2028 -0.051425 0)
(-0.202789 -0.0514726 0)
(-0.202785 -0.0515208 0)
(-0.202833 -0.0515839 0)
(-0.202873 -0.0516393 0)
(-0.202843 -0.0516858 3.88928e-23)
(-0.202889 -0.0517433 0)
(-0.202906 -0.0517929 3.91735e-23)
(-0.202902 -0.0518411 0)
(-0.202972 -0.0519046 -3.94985e-23)
(-0.202964 -0.0519526 -3.96613e-23)
(-0.202983 -0.0520022 0)
(-0.202977 -0.052045 1.99943e-23)
(-0.203023 -0.0521022 0)
(-0.203044 -0.0521573 0)
(-0.203085 -0.0522078 0)
(-0.203077 -0.0522505 0)
(-0.203071 -0.0522935 0)
(-0.203118 -0.0523504 0)
(-0.203137 -0.0524001 1.0256e-23)
(-0.203155 -0.0524442 1.02897e-23)
(-0.203174 -0.052494 0)
(-0.203169 -0.052537 0)
(-0.203238 -0.0525948 0)
(-0.20323 -0.0526322 2.60815e-24)
(-0.203251 -0.052682 -0)
(-0.203269 -0.0527263 -0)
(-0.203263 -0.0527694 5.27434e-24)
(-0.203307 -0.0528203 -0)
(-0.203323 -0.052859 -0)
(-0.203344 -0.0529088 -1.06427e-23)
(-0.203363 -0.0529531 -1.06763e-23)
(-0.203382 -0.0529977 -2.14367e-23)
(-0.203401 -0.0530418 -0)
(-0.20342 -0.0530861 -2.15543e-23)
(-0.203439 -0.0531304 -0)
(-0.203429 -0.0531625 -2.16947e-23)
(-0.203473 -0.053213 -0)
(-0.203492 -0.0532573 -0)
(-0.20354 -0.0533089 2.18846e-23)
(-0.203532 -0.0533413 -4.38815e-23)
(-0.203525 -0.053379 -4.40454e-23)
(-0.203566 -0.0534237 -0)
(-0.203584 -0.0534625 4.42503e-23)
(-0.203576 -0.0535002 -4.44146e-23)
(-0.203648 -0.0535577 -0)
(-0.203639 -0.0535847 -0)
(-0.20366 -0.0536292 4.47541e-23)
(-0.203635 -0.0536622 4.49151e-23)
(-0.203702 -0.0537086 4.49905e-23)
(-0.203714 -0.0537459 -0)
(-0.203707 -0.0537836 -4.5272e-23)
(-0.203745 -0.0538223 -0)
(-0.203795 -0.0538744 -4.54812e-23)
(-0.20376 -0.0538949 4.56081e-23)
(-0.203786 -0.0539399 -0)
(-0.203803 -0.0539744 -0)
(-0.203838 -0.0540169 -0)
(-0.203857 -0.0540559 9.20903e-23)
(-0.203859 -0.0540912 -0)
(-0.203875 -0.0541236 -0)
(-0.203882 -0.0541604 -0)
(-0.203935 -0.0542075 9.29982e-23)
(-0.2039 -0.0542282 -9.32546e-23)
(-0.203971 -0.0542798 -0)
(-0.203936 -0.0543007 -0)
(-0.204025 -0.054357 9.38783e-23)
(-0.203975 -0.0543786 -0)
(-0.203994 -0.0544077 -0)
(-0.20403 -0.0544501 -0)
(-0.204051 -0.0544904 -0)
(-0.204049 -0.0545178 -0)
(-0.204067 -0.0545527 -0)
(-0.204054 -0.0545779 -0)
(-0.204122 -0.0546239 -9.55338e-23)
(-0.204091 -0.0546504 -0)
(-0.204127 -0.054684 -0)
(-0.204177 -0.0547299 -0)
(-0.204143 -0.0547509 -0)
(-0.204164 -0.0547852 -0)
(-0.204179 -0.0548132 -0)
(-0.204216 -0.0548553 -9.6959e-23)
(-0.204232 -0.0548849 -9.72113e-23)
(-0.204234 -0.0549192 9.74375e-23)
(-0.204232 -0.0549424 -0)
(-0.204218 -0.0549674 9.77826e-23)
(-0.204271 -0.0550056 -0)
(-0.204292 -0.0550445 -0)
(-0.204304 -0.0550669 -0)
(-0.204356 -0.0551127 -0)
(-0.204334 -0.0551324 -0)
(-0.20432 -0.0551572 -0)
(-0.204356 -0.0551905 -0)
(-0.204374 -0.055224 1.98599e-22)
(-0.204389 -0.055252 -0)
(-0.204373 -0.0552731 -0)
(-0.20441 -0.0553099 -1.99657e-22)
(-0.204425 -0.0553378 -0)
(-0.204426 -0.0553665 2.00376e-22)
(-0.204439 -0.0553889 -2.00644e-22)
(-0.204475 -0.0554271 -0)
(-0.204475 -0.0554558 -0)
(-0.204521 -0.0554872 -0)
(-0.204489 -0.0555086 -2.02278e-22)
(-0.20452 -0.0555341 -0)
(-0.204556 -0.0555723 2.02801e-22)
(-0.204554 -0.0555955 -0)
(-0.20452 -0.0556118 2.03586e-22)
(-0.204587 -0.0556518 -0)
(-0.204584 -0.0556746 -0)
(-0.204564 -0.0556901 -2.04523e-22)
(-0.204635 -0.0557356 -0)
(-0.2046 -0.0557516 -2.05259e-22)
(-0.20463 -0.0557766 -0)
(-0.204665 -0.0558146 -0)
(-0.20461 -0.0558203 -0)
(-0.204643 -0.0558508 -2.06324e-22)
(-0.204675 -0.0558805 -0)
(-0.204693 -0.0559115 -2.07009e-22)
(-0.20469 -0.0559316 -0)
(-0.204705 -0.055957 -0)
(-0.204719 -0.0559819 -0)
(-0.204701 -0.0560005 -0)
(-0.204769 -0.0560402 -0)
(-0.204731 -0.0560508 2.08951e-22)
(-0.204765 -0.0560837 -0)
(-0.204815 -0.0561185 -0)
(-0.204777 -0.0561291 -2.09886e-22)
(-0.204808 -0.0561563 -2.10171e-22)
(-0.204825 -0.0561843 -2.10505e-22)
(-0.204822 -0.0562046 -0)
(-0.204819 -0.056225 -0)
(-0.204833 -0.0562473 -0)
(-0.204814 -0.0562656 -0)
(-0.204845 -0.0562928 -2.11919e-22)
(-0.204859 -0.0563151 -0)
(-0.204875 -0.056343 -2.12519e-22)
(-0.204889 -0.0563654 -0)
(-0.204902 -0.0563878 -0)
(-0.204919 -0.0564157 -0)
(-0.204933 -0.0564381 2.13653e-22)
(-0.204911 -0.0564506 -0)
(-0.204941 -0.0564776 -0)
(-0.20494 -0.0565006 -0)
(-0.204951 -0.0565175 2.14681e-22)
(-0.205021 -0.0565601 -0)
(-0.205001 -0.056573 -0)
(-0.204997 -0.0565905 -0)
(-0.205011 -0.0566129 -2.15815e-22)
(-0.204994 -0.056634 -2.16314e-22)
(-0.205019 -0.0566522 -0)
(-0.205033 -0.0566745 2.16594e-22)
(-0.205047 -0.0566969 -0)
(-0.205062 -0.0567225 -0)
(-0.20506 -0.0567423 -0)
(-0.205053 -0.0567542 -0)
(-0.205032 -0.0567697 -0)
(-0.205111 -0.0568028 -0)
(-0.205078 -0.0568192 -2.18607e-22)
(-0.205085 -0.0568323 -2.18597e-22)
(-0.205154 -0.0568698 -0)
(-0.205117 -0.0568808 -0)
(-0.205164 -0.0569096 2.19435e-22)
(-0.205124 -0.0569151 -0)
(-0.205154 -0.0569418 -0)
(-0.205166 -0.0569608 -0)
(-0.205179 -0.0569809 -0)
(-0.205191 -0.0569999 -0)
(-0.205189 -0.0570207 2.21049e-22)
(-0.205145 -0.0570223 -0)
(-0.20521 -0.0570559 2.21301e-22)
(-0.20517 -0.0570614 -2.21655e-22)
(-0.205196 -0.0570824 -0)
(-0.205196 -0.0571054 -0)
(-0.205201 -0.0571132 -0)
(-0.205236 -0.0571439 2.22602e-22)
(-0.205246 -0.0571606 -0)
(-0.205261 -0.057183 -0)
(-0.205234 -0.0571892 -2.23226e-22)
(-0.205281 -0.0572178 -0)
(-0.205262 -0.057229 -0)
(-0.205272 -0.0572458 2.23893e-22)
(-0.205283 -0.0572626 -0)
(-0.205294 -0.0572793 -0)
(-0.205309 -0.0573017 -2.24557e-22)
(-0.205282 -0.0573078 -2.24715e-22)
(-0.205293 -0.0573293 -0)
(-0.205283 -0.0573356 -2.25091e-22)
(-0.205312 -0.0573573 -2.25309e-22)
(-0.205326 -0.0573796 -0)
(-0.205284 -0.0573844 2.2593e-22)
(-0.205307 -0.0574015 -2.25927e-22)
(-0.205318 -0.0574182 2.26126e-22)
(-0.205367 -0.0574457 -2.26367e-22)
(-0.205363 -0.0574584 -2.2655e-22)
(-0.20536 -0.0574758 -2.26796e-22)
(-0.205332 -0.05748 -0)
(-0.205358 -0.0575025 -0)
(-0.205348 -0.0575087 2.2728e-22)
(-0.205416 -0.0575413 -2.27541e-22)
(-0.20538 -0.0575526 -0)
(-0.205399 -0.0575639 -2.27896e-22)
(-0.205414 -0.0575861 -0)
(-0.205406 -0.0575963 -2.28496e-22)
(-0.205418 -0.0576147 2.28538e-22)
(-0.205389 -0.0576189 -2.2885e-22)
(-0.205437 -0.0576471 -0)
(-0.205376 -0.0576424 -0)
(-0.205417 -0.0576641 -0)
(-0.205448 -0.0576897 4.59323e-22)
(-0.205442 -0.057703 -0)
(-0.205431 -0.0577077 4.59906e-22)
(-0.205443 -0.0577259 -0)
(-0.205457 -0.0577467 4.60834e-22)
(-0.205448 -0.0577544 -0)
(-0.205459 -0.0577696 4.61457e-22)
(-0.205448 -0.0577802 -0)
(-0.205509 -0.0578078 -4.61868e-22)
(-0.20551 -0.0578248 -0)
(-0.205464 -0.0578254 4.62956e-22)
(-0.205471 -0.0578409 -0)
(-0.205515 -0.0578591 -4.63243e-22)
(-0.205477 -0.057865 -4.63975e-22)
(-0.205501 -0.0578855 -0)
(-0.205495 -0.0578972 -0)
(-0.205463 -0.0578972 -0)
(-0.205528 -0.0579302 -0)
(-0.205522 -0.0579363 -0)
(-0.205536 -0.0579585 -0)
(-0.205526 -0.0579647 -4.66438e-22)
(-0.205538 -0.0579814 -0)
(-0.205509 -0.0579868 -0)
(-0.205516 -0.0580022 4.67526e-22)
(-0.205506 -0.0580083 4.67751e-22)
(-0.205531 -0.0580245 -0)
(-0.205546 -0.0580467 -0)
(-0.205533 -0.0580473 -0)
(-0.205548 -0.0580695 -0)
(-0.205556 -0.0580807 -4.69467e-22)
(-0.205563 -0.0580918 4.69731e-22)
(-0.205523 -0.058102 4.70593e-22)
(-0.205537 -0.0581069 -4.70288e-22)
(-0.205566 -0.0581285 -0)
(-0.2056 -0.0581516 -0)
(-0.205578 -0.0581542 -0)
(-0.205552 -0.0581638 -0)
(-0.205569 -0.0581741 -0)
(-0.205577 -0.0581852 -0)
(-0.205588 -0.0582019 -0)
(-0.205585 -0.0582179 -4.73446e-22)
(-0.205572 -0.0582196 -0)
(-0.20558 -0.0582308 -0)
(-0.205608 -0.0582514 -0)
(-0.205617 -0.0582635 -0)
(-0.205555 -0.0582631 -0)
(-0.205609 -0.0582793 -0)
(-0.205588 -0.0582904 -0)
(-0.205605 -0.0583004 -0)
(-0.20564 -0.0583236 -0)
(-0.20558 -0.0583193 4.76265e-22)
(-0.2056 -0.0583338 -0)
(-0.205605 -0.0583404 -4.76344e-22)
(-0.20562 -0.0583616 -0)
(-0.205624 -0.0583681 -0)
(-0.205617 -0.0583787 -4.77701e-22)
(-0.205622 -0.0583853 4.77488e-22)
(-0.205637 -0.0584065 -0)
(-0.2056 -0.0584004 -0)
(-0.205661 -0.0584275 4.78436e-22)
(-0.205601 -0.0584231 4.79014e-22)
(-0.205621 -0.0584376 -0)
(-0.205629 -0.0584487 -0)
(-0.205637 -0.0584607 -0)
(-0.205644 -0.0584709 -0)
(-0.205638 -0.0584825 -0)
(-0.205587 -0.0584768 -0)
(-0.205641 -0.0584927 -0)
(-0.205644 -0.0585108 -0)
(-0.205652 -0.0585219 -0)
(-0.205601 -0.0585161 -0)
(-0.205616 -0.058525 -4.81742e-22)
(-0.205646 -0.0585466 -0)
(-0.205636 -0.0585526 -0)
(-0.205626 -0.0585587 -4.82621e-22)
(-0.205634 -0.0585697 -4.82884e-22)
(-0.205596 -0.0585634 -0)
(-0.205619 -0.0585832 -0)
(-0.205623 -0.0585888 -4.83469e-22)
(-0.205635 -0.0586054 -0)
(-0.205639 -0.0586109 4.83994e-22)
(-0.205646 -0.058622 -0)
(-0.20564 -0.0586335 -0)
(-0.205627 -0.058634 -0)
(-0.205631 -0.0586396 -0)
(-0.205642 -0.0586561 4.85224e-22)
(-0.205646 -0.0586617 -4.85355e-22)
(-0.20564 -0.0586732 -0)
(-0.205627 -0.0586737 4.85796e-22)
(-0.205596 -0.0586777 -4.8645e-22)
(-0.20565 -0.0586935 -0)
(-0.205646 -0.0587014 4.86452e-22)
(-0.205641 -0.0587129 4.86804e-22)
(-0.205641 -0.058713 -0)
(-0.205614 -0.0587224 -0)
(-0.205625 -0.0587262 4.87255e-22)
(-0.205675 -0.0587492 -0)
(-0.205616 -0.058745 4.88204e-22)
(-0.205627 -0.0587487 -0)
(-0.205635 -0.0587598 -0)
(-0.205643 -0.0587702 -4.88755e-22)
(-0.205633 -0.0587768 -0)
(-0.205633 -0.0587768 -0)
(-0.205606 -0.0587862 -0)
(-0.205642 -0.0587969 -4.89119e-22)
(-0.205601 -0.0587978 4.89751e-22)
(-0.205612 -0.0588014 -0)
(-0.205658 -0.058819 -0)
(-0.205603 -0.0588203 4.90364e-22)
(-0.205639 -0.058831 -0)
(-0.205593 -0.0588263 4.90584e-22)
(-0.205608 -0.0588354 4.90374e-22)
(-0.205616 -0.0588459 4.91002e-22)
(-0.20562 -0.0588519 -4.90766e-22)
(-0.205614 -0.0588629 4.91484e-22)
(-0.20561 -0.0588579 -0)
(-0.205626 -0.0588795 -0)
(-0.205583 -0.0588673 -0)
(-0.205658 -0.0588935 -0)
(-0.205599 -0.0588893 -0)
(-0.205635 -0.0588999 -0)
(-0.205589 -0.0588953 -0)
(-0.205607 -0.0589093 4.92805e-22)
(-0.205608 -0.0589097 -4.92435e-22)
(-0.205602 -0.0589207 -4.93155e-22)
(-0.205588 -0.0589212 -4.93243e-22)
(-0.205588 -0.0589217 -0)
(-0.2056 -0.0589378 -0)
(-0.205557 -0.0589255 -0)
(-0.205575 -0.0589394 -0)
(-0.205605 -0.0589525 -0)
(-0.205542 -0.0589429 -0)
(-0.205556 -0.0589513 -0)
(-0.20556 -0.0589568 -0)
(-0.20556 -0.0589572 -0)
(-0.205572 -0.0589733 -0)
(-0.205576 -0.0589788 -4.9491e-22)
(-0.20558 -0.0589843 4.95041e-22)
(-0.205541 -0.0589775 -4.95068e-22)
(-0.20558 -0.0589935 4.9491e-22)
(-0.20556 -0.0589962 -0)
(-0.20556 -0.0589962 -0)
(-0.205568 -0.0590072 -0)
(-0.205529 -0.0590004 4.95766e-22)
(-0.205529 -0.0590091 -0)
(-0.205512 -0.0590041 -0)
(-0.205534 -0.0590147 -0)
(-0.205541 -0.0590256 -0)
(-0.205528 -0.0590261 -0)
(-0.205485 -0.0590137 -0)
(-0.205542 -0.0590347 -0)
(-0.205522 -0.0590375 -0)
(-0.205522 -0.0590375 -0)
(-0.20553 -0.0590484 -0)
(-0.205516 -0.0590489 -0)
(-0.205516 -0.0590489 -0)
(-0.205524 -0.0590599 -0)
(-0.205511 -0.0590603 -0)
(-0.205471 -0.0590531 4.97938e-22)
(-0.205485 -0.0590616 4.97714e-22)
(-0.205468 -0.0590566 -0)
(-0.205489 -0.0590672 -4.97844e-22)
(-0.205497 -0.0590781 -4.98104e-22)
(-0.205462 -0.059068 4.98019e-22)
(-0.205448 -0.0590684 -0)
(-0.205466 -0.0590735 -4.9815e-22)
(-0.205474 -0.0590844 -4.9841e-22)
(-0.205456 -0.0590794 -4.98367e-22)
(-0.205478 -0.0590899 -0)
(-0.205482 -0.0590954 -4.9867e-22)
(-0.205429 -0.0590886 -0)
(-0.205421 -0.0590865 -4.98763e-22)
(-0.205421 -0.0590866 4.98764e-22)
(-0.205425 -0.059092 4.98894e-22)
(-0.205411 -0.0590924 -0)
(-0.205415 -0.0590979 4.99111e-22)
(-0.205376 -0.0590907 -4.99517e-22)
(-0.205385 -0.0590936 -0)
(-0.205389 -0.0590991 4.99289e-22)
(-0.205375 -0.0590995 -0)
(-0.205401 -0.059107 -0)
(-0.205356 -0.0591024 4.99952e-22)
(-0.205366 -0.0591054 -4.99593e-22)
(-0.20537 -0.0591108 -0)
(-0.205356 -0.0591112 -0)
(-0.205339 -0.0591062 -0)
(-0.205346 -0.0591169 -0)
(-0.205346 -0.0591171 -0)
(-0.205364 -0.0591222 -0)
(-0.205332 -0.0591258 -0)
(-0.20532 -0.0591182 -0)
(-0.205324 -0.0591237 -0)
(-0.205354 -0.0591366 -0)
(-0.205287 -0.0591216 5.00869e-22)
(-0.205315 -0.0591295 -0)
(-0.205318 -0.059135 -0)
(-0.205309 -0.0591407 -5.01281e-22)
(-0.205291 -0.0591358 -0)
(-0.205291 -0.0591358 -0)
(-0.205273 -0.059139 5.01435e-22)
(-0.205308 -0.0591494 -5.01137e-22)
(-0.205285 -0.0591471 -0)
(-0.205246 -0.0591398 -5.01609e-22)
(-0.205285 -0.0591556 -5.0144e-22)
(-0.205258 -0.0591479 -0)
(-0.205236 -0.0591457 -0)
(-0.205267 -0.059159 -5.01636e-22)
(-0.205271 -0.0591643 -0)
(-0.205257 -0.0591648 5.01852e-22)
(-0.2052 -0.0591525 -5.02218e-22)
(-0.205249 -0.0591624 -5.01832e-22)
(-0.20523 -0.0591655 -0)
(-0.205216 -0.0591659 5.02498e-22)
(-0.205216 -0.059166 -0)
(-0.205176 -0.0591587 -5.02521e-22)
(-0.205233 -0.0591795 5.02394e-22)
(-0.20518 -0.0591641 -5.02651e-22)
(-0.205193 -0.0591723 -0)
(-0.205184 -0.059178 5.03019e-22)
(-0.205162 -0.0591676 -0)
(-0.205184 -0.0591781 5.03019e-22)
(-0.205188 -0.0591835 5.02761e-22)
(-0.205174 -0.0591839 -0)
(-0.205174 -0.0591839 -0)
(-0.205134 -0.0591767 -0)
(-0.205187 -0.059192 -0)
(-0.205124 -0.0591824 5.03473e-22)
(-0.205156 -0.0591873 5.03043e-22)
(-0.205111 -0.0591828 -0)
(-0.20512 -0.0591855 -0)
(-0.20512 -0.0591855 -0)
(-0.20511 -0.0591912 -0)
(-0.205089 -0.0591808 -0)
(-0.20511 -0.0591913 -0)
(-0.205114 -0.0591967 -0)
(-0.205096 -0.0591916 5.03885e-22)
(-0.20506 -0.0591898 -5.04036e-22)
(-0.205105 -0.0591943 -0)
(-0.205047 -0.0591902 -5.04122e-22)
(-0.205092 -0.0591946 5.03605e-22)
(-0.205051 -0.0591956 -0)
(-0.205042 -0.0591931 -0)
(-0.205038 -0.0591877 -5.03712e-22)
(-0.205046 -0.0591986 -0)
(-0.205002 -0.0591859 5.04252e-22)
(-0.205055 -0.0592012 -0)
(-0.20505 -0.059204 -0)
(-0.20505 -0.059204 5.041e-22)
(-0.20504 -0.0592097 -5.04705e-22)
(-0.204979 -0.059192 -5.04553e-22)
(-0.205014 -0.0592022 -0)
(-0.204992 -0.0592 5.04705e-22)
(-0.204965 -0.0591924 5.0464e-22)
(-0.204982 -0.0592057 -0)
(-0.20496 -0.0591953 -0)
(-0.204964 -0.0592007 -5.04877e-22)
(-0.204968 -0.0592061 -0)
(-0.204951 -0.059201 -0)
(-0.204937 -0.0592014 -0)
(-0.204897 -0.0591941 -0)
(-0.204946 -0.059204 -0)
(-0.204945 -0.0592122 5.05307e-22)
(-0.204905 -0.0592049 -0)
(-0.204913 -0.0592075 -0)
(-0.204957 -0.0592202 -0)
(-0.204908 -0.0592103 -0)
(-0.204907 -0.0592186 -0)
(-0.204904 -0.0592132 -0)
(-0.204911 -0.059224 5.05822e-22)
(-0.20489 -0.0592135 -5.05259e-22)
(-0.204898 -0.0592244 -0)
(-0.204898 -0.0592244 -0)
(-0.204857 -0.059217 -5.05928e-22)
(-0.20487 -0.0592249 -0)
(-0.204897 -0.0592325 -0)
(-0.204874 -0.0592304 -0)
(-0.204834 -0.0592231 5.06229e-22)
(-0.204847 -0.059231 -0)
(-0.204833 -0.0592313 -5.06465e-22)
(-0.204815 -0.0592263 -0)
(-0.204815 -0.0592262 -0)
(-0.204823 -0.059237 -0)
(-0.204823 -0.059237 -0)
(-0.204827 -0.0592424 -0)
(-0.204817 -0.0592481 -0)
(-0.204769 -0.05923 -0)
(-0.204803 -0.0592483 5.07106e-22)
(-0.204789 -0.0592486 5.07192e-22)
(-0.204772 -0.0592436 5.07149e-22)
(-0.204779 -0.0592543 5.07406e-22)
(-0.204779 -0.0592543 -0)
(-0.204783 -0.0592597 -0)
(-0.204725 -0.0592472 -5.0751e-22)
(-0.204761 -0.0592573 -0)
(-0.20476 -0.0592657 -0)
(-0.204746 -0.0592661 -0)
(-0.204706 -0.0592588 -0)
(-0.204776 -0.0592788 -0)
(-0.204775 -0.0592872 5.08348e-22)
(-0.204739 -0.0592853 -0)
(-0.204733 -0.0592879 -0)
(-0.204716 -0.0592829 -0)
(-0.204724 -0.0592936 5.08815e-22)
(-0.204714 -0.0592993 -0)
(-0.2047 -0.0592996 -5.09114e-22)
(-0.204703 -0.059305 -5.09251e-22)
(-0.204708 -0.0593147 -0)
(-0.204718 -0.0593253 -0)
(-0.204679 -0.0593256 -0)
(-0.204691 -0.0593332 5.10102e-22)
(-0.204696 -0.0593418 -0)
(-0.204735 -0.059363 5.10687e-22)
(-0.204689 -0.0593619 -0)
(-0.204697 -0.05937 -0)
(-0.204699 -0.0593803 -0)
(-0.204702 -0.0593911 5.11661e-22)
(-0.204711 -0.0594092 5.12512e-22)
(-0.204712 -0.0594165 -0)
(-0.204676 -0.0594221 -5.13067e-22)
(-0.204731 -0.0594458 -5.13025e-22)
(-0.204688 -0.0594501 -5.13784e-22)
(-0.204742 -0.0594743 -0)
(-0.2047 -0.0594793 -0)
(-0.204758 -0.0595055 5.14548e-22)
(-0.204715 -0.0595121 -0)
(-0.204727 -0.0595295 -5.15789e-22)
(-0.204731 -0.0595409 5.15687e-22)
(-0.204746 -0.0595649 -0)
(-0.204754 -0.0595838 -5.17159e-22)
(-0.204757 -0.0595957 -5.17076e-22)
(-0.204772 -0.059622 -0)
(-0.204783 -0.0596419 -0)
(-0.204795 -0.0596639 5.19175e-22)
(-0.204805 -0.0596854 -0)
(-0.204817 -0.059708 -0)
(-0.204833 -0.0597332 -5.20901e-22)
(-0.204804 -0.05975 -5.21939e-22)
(-0.20482 -0.0597718 5.22057e-22)
(-0.204836 -0.0597986 -0)
(-0.20485 -0.0598249 -0)
(-0.20487 -0.0598572 5.2458e-22)
(-0.204881 -0.0598774 -0)
(-0.204852 -0.0598936 -0)
(-0.204912 -0.0599271 -5.25899e-22)
(-0.204877 -0.0599408 -0)
(-0.204939 -0.0599731 -5.27046e-22)
(-0.204947 -0.0599978 -5.28102e-22)
(-0.204909 -0.0600035 -0)
(-0.204925 -0.0600247 5.28983e-22)
(-0.204932 -0.0600413 -0)
(-0.204982 -0.0600644 -0)
(-0.20494 -0.060069 -0)
(-0.20495 -0.0600832 -5.30488e-22)
(-0.204952 -0.0600918 -0)
(-0.204955 -0.0601004 -0)
(-0.204958 -0.0601112 -5.31233e-22)
(-0.204963 -0.0601257 5.31609e-22)
(-0.20493 -0.0601364 -0)
(-0.204945 -0.0601554 5.32553e-22)
(-0.204962 -0.0601842 -0)
(-0.20503 -0.0602312 -5.34209e-22)
(-0.205007 -0.060261 -0)
(-0.205039 -0.0603017 -0)
(-0.205076 -0.0603583 -0)
(-0.205066 -0.0603998 -5.39178e-22)
(-0.205159 -0.0604718 -0)
(-0.205199 -0.0605355 5.42257e-22)
(-0.205154 -0.0605318 -0)
(-0.205131 -0.0604571 -0)
(-0.204951 -0.0602827 5.36521e-22)
(-0.204742 -0.0600079 -0)
(-0.20444 -0.0596046 -5.19509e-22)
(-0.204039 -0.0590376 -0)
(-0.203555 -0.0582533 -0)
(-0.202835 -0.0571173 -4.57904e-22)
(-0.202029 -0.05547 2.08343e-22)
(-0.206329 -0.0644427 1.26147e-21)
(-0.206232 -0.0643135 0)
(-0.206152 -0.0641887 1.2479e-21)
(-0.206046 -0.0640454 0)
(-0.205923 -0.0638952 0)
(-0.205802 -0.0637457 0)
(-0.205672 -0.0635824 0)
(-0.205561 -0.0634236 -1.20829e-21)
(-0.205427 -0.0632509 1.1995e-21)
(-0.205296 -0.0630775 0)
(-0.205193 -0.0629092 0)
(-0.205074 -0.0627232 0)
(-0.204931 -0.0625304 0)
(-0.204794 -0.0623338 1.15215e-21)
(-0.204652 -0.0621279 0)
(-0.204529 -0.0619303 -1.13144e-21)
(-0.204402 -0.0617157 0)
(-0.204266 -0.0615012 0)
(-0.204134 -0.0612822 0)
(-0.204014 -0.061066 1.08706e-21)
(-0.203897 -0.0608425 1.07558e-21)
(-0.203767 -0.0606133 1.06389e-21)
(-0.203647 -0.060394 -5.26375e-22)
(-0.203525 -0.0601653 5.20571e-22)
(-0.203432 -0.0599556 0)
(-0.203343 -0.0597459 0)
(-0.203238 -0.0595349 0)
(-0.20315 -0.0593443 0)
(-0.203066 -0.0591577 0)
(-0.203014 -0.0589999 0)
(-0.202949 -0.0588465 0)
(-0.2029 -0.058721 0)
(-0.202867 -0.0586092 -4.8068e-22)
(-0.202843 -0.0584943 0)
(-0.202791 -0.0583681 -4.7446e-22)
(-0.202754 -0.058253 4.71441e-22)
(-0.202721 -0.0581272 4.68189e-22)
(-0.202675 -0.0580054 0)
(-0.202636 -0.0578766 4.61796e-22)
(-0.202591 -0.0577504 -4.58609e-22)
(-0.20255 -0.0576249 -4.55426e-22)
(-0.202515 -0.0574962 4.52095e-22)
(-0.202493 -0.0573795 4.49055e-22)
(-0.202474 -0.057259 0)
(-0.202439 -0.0571338 4.42712e-22)
(-0.202406 -0.0570133 0)
(-0.202377 -0.0568973 -4.36631e-22)
(-0.202344 -0.0567806 0)
(-0.20232 -0.0566657 -4.30736e-22)
(-0.202292 -0.0565584 0)
(-0.202287 -0.0564612 0)
(-0.202265 -0.056355 0)
(-0.202223 -0.0562518 2.1011e-22)
(-0.202219 -0.0561678 0)
(-0.202252 -0.0560884 0)
(-0.2022 -0.0559953 -2.06736e-22)
(-0.202183 -0.0559072 -2.05629e-22)
(-0.202153 -0.0558242 0)
(-0.202189 -0.0557596 2.03684e-22)
(-0.202174 -0.0556759 0)
(-0.202161 -0.0555993 0)
(-0.202148 -0.0555227 0)
(-0.202118 -0.0554415 0)
(-0.202109 -0.0553744 0)
(-0.202146 -0.0553067 0)
(-0.202104 -0.0552329 0)
(-0.202095 -0.0551654 -1.96194e-22)
(-0.202117 -0.0550979 -1.95116e-22)
(-0.202109 -0.0550376 0)
(-0.2021 -0.0549679 0)
(-0.202092 -0.0549029 -1.92651e-22)
(-0.202085 -0.0548379 -1.91828e-22)
(-0.202078 -0.0547758 1.909e-22)
(-0.202072 -0.0547126 0)
(-0.202066 -0.0546523 0)
(-0.202059 -0.0545963 1.88767e-22)
(-0.202102 -0.0545429 0)
(-0.202031 -0.0544709 0)
(-0.202076 -0.054427 1.864e-22)
(-0.20204 -0.0543642 0)
(-0.202085 -0.0543156 0)
(-0.202032 -0.0542528 0)
(-0.202058 -0.0542036 0)
(-0.202055 -0.054154 9.15353e-23)
(-0.202052 -0.0540969 0)
(-0.20205 -0.0540507 0)
(-0.202044 -0.0539953 0)
(-0.202053 -0.0539462 0)
(-0.202072 -0.0539054 0)
(-0.202059 -0.0538558 8.95458e-23)
(-0.202057 -0.0538001 0)
(-0.202035 -0.0537538 0)
(-0.202079 -0.0537186 8.86389e-23)
(-0.202078 -0.0536675 0)
(-0.20206 -0.0536212 8.80384e-23)
(-0.202077 -0.0535794 0)
(-0.202076 -0.0535329 0)
(-0.202076 -0.0534912 0)
(-0.202075 -0.0534447 8.68886e-23)
(-0.202058 -0.0533985 -4.3307e-23)
(-0.202058 -0.0533568 4.31733e-23)
(-0.202058 -0.053315 -4.30396e-23)
(-0.202037 -0.0532674 0)
(-0.202064 -0.0532328 -4.27731e-23)
(-0.202082 -0.0532003 0)
(-0.2021 -0.0531629 0)
(-0.202083 -0.0531166 0)
(-0.202084 -0.0530796 0)
(-0.202085 -0.0530377 -4.21368e-23)
(-0.202063 -0.0529993 4.20278e-23)
(-0.20209 -0.0529643 0)
(-0.202115 -0.0529376 0)
(-0.202107 -0.0528938 0)
(-0.202085 -0.0528552 -2.07772e-23)
(-0.202112 -0.0528249 2.07202e-23)
(-0.202114 -0.0527877 2.06605e-23)
(-0.202115 -0.0527552 0)
(-0.2021 -0.0527136 2.05468e-23)
(-0.202102 -0.0526856 0)
(-0.202121 -0.0526531 0)
(-0.202105 -0.0526115 0)
(-0.20209 -0.0525792 0)
(-0.202085 -0.0525449 1.01415e-23)
(-0.202129 -0.0525234 1.01174e-23)
(-0.202138 -0.0524927 0)
(-0.202115 -0.0524585 5.03399e-24)
(-0.20211 -0.052424 0)
(-0.202137 -0.052398 0)
(-0.202139 -0.0523702 0)
(-0.202142 -0.0523377 0)
(-0.202126 -0.0523053 0)
(-0.202129 -0.0522776 4.96104e-24)
(-0.202148 -0.0522541 -9.90045e-24)
(-0.202151 -0.0522216 0)
(-0.202128 -0.0521919 0)
(-0.202155 -0.0521656 0)
(-0.202182 -0.0521492 0)
(-0.202144 -0.0521058 0)
(-0.202103 -0.0520716 0)
(-0.20213 -0.0520499 -1.94827e-23)
(-0.20215 -0.0520312 -1.94469e-23)
(-0.202169 -0.0520078 0)
(-0.202129 -0.0519687 1.93543e-23)
(-0.202164 -0.0519542 1.93062e-23)
(-0.20216 -0.0519291 0)
(-0.202162 -0.0519012 0)
(-0.202148 -0.0518736 0)
(-0.202142 -0.0518481 0)
(-0.202168 -0.0518262 0)
(-0.20217 -0.0518077 0)
(-0.202173 -0.0517797 0)
(-0.202175 -0.0517612 -3.80225e-23)
(-0.202178 -0.0517338 0)
(-0.202181 -0.0517148 3.78722e-23)
(-0.202184 -0.0516868 0)
(-0.202169 -0.0516639 3.77187e-23)
(-0.202172 -0.0516407 0)
(-0.202191 -0.0516266 -3.75866e-23)
(-0.202184 -0.0516009 0)
(-0.202192 -0.051579 0)
(-0.202195 -0.0515605 3.73752e-23)
(-0.202215 -0.0515416 0)
(-0.202201 -0.0515139 0)
(-0.202185 -0.0514957 0)
(-0.202189 -0.0514724 3.71011e-23)
(-0.202192 -0.0514492 3.70259e-23)
(-0.202166 -0.0514283 3.69757e-23)
(-0.202191 -0.0514107 -3.69044e-23)
(-0.202194 -0.0513921 0)
(-0.202197 -0.0513689 0)
(-0.202199 -0.051355 0)
(-0.202201 -0.0513364 7.33269e-23)
(-0.202205 -0.0513131 -7.31762e-23)
(-0.202207 -0.0512992 0)
(-0.202209 -0.0512806 -7.29652e-23)
(-0.202213 -0.0512574 -7.28145e-23)
(-0.202215 -0.0512435 -7.27241e-23)
(-0.202217 -0.0512249 0)
(-0.20222 -0.051211 0)
(-0.202223 -0.0511877 0)
(-0.202225 -0.0511738 0)
(-0.202228 -0.0511552 -7.21512e-23)
(-0.202213 -0.0511322 0)
(-0.202216 -0.0511184 7.1934e-23)
(-0.20219 -0.0510916 0)
(-0.202214 -0.0510841 0)
(-0.202217 -0.0510655 0)
(-0.202219 -0.0510516 7.15092e-23)
(-0.202239 -0.0510373 -7.13945e-23)
(-0.202241 -0.0510234 -7.13039e-23)
(-0.202227 -0.0510004 -7.1177e-23)
(-0.202212 -0.0509822 7.10805e-23)
(-0.202186 -0.0509599 -7.10256e-23)
(-0.20221 -0.0509477 0)
(-0.202212 -0.0509338 0)
(-0.202214 -0.0509198 0)
(-0.202245 -0.0509132 0)
(-0.202215 -0.05089 0)
(-0.202239 -0.0508776 0)
(-0.202224 -0.0508594 0)
(-0.202226 -0.0508454 0)
(-0.2022 -0.050823 7.01457e-23)
(-0.202223 -0.0508154 0)
(-0.202237 -0.0508044 6.99312e-23)
(-0.202218 -0.05079 -6.98637e-23)
(-0.202209 -0.0507672 0)
(-0.202232 -0.0507596 0)
(-0.202234 -0.0507456 0)
(-0.202249 -0.0507347 0)
(-0.202201 -0.0507118 0)
(-0.202241 -0.0507084 -6.93225e-23)
(-0.202243 -0.0506945 0)
(-0.202216 -0.0506719 0)
(-0.202251 -0.0506673 -6.90514e-23)
(-0.202233 -0.050653 0)
(-0.202223 -0.0506346 -6.89317e-23)
(-0.202245 -0.050627 0)
(-0.20226 -0.0506161 -6.87186e-23)
(-0.202195 -0.0505888 0)
(-0.202234 -0.0505902 0)
(-0.202237 -0.0505715 0)
(-0.202222 -0.0505565 0)
(-0.202223 -0.0505486 0)
(-0.202196 -0.0505258 0)
(-0.202248 -0.0505256 0)
(-0.202213 -0.050507 0)
(-0.202185 -0.0504889 0)
(-0.202254 -0.0504931 -6.7953e-23)
(-0.202206 -0.0504699 0)
(-0.202228 -0.0504623 6.77915e-23)
(-0.20223 -0.0504516 -6.77719e-23)
(-0.202232 -0.0504437 0)
(-0.202234 -0.0504297 0)
(-0.202236 -0.050419 0)
(-0.202221 -0.0504021 -6.74224e-23)
(-0.202206 -0.0503871 0)
(-0.202208 -0.0503792 6.72956e-23)
(-0.202179 -0.0503609 0)
(-0.202248 -0.0503698 0)
(-0.202201 -0.0503418 0)
(-0.202235 -0.0503422 -6.70295e-23)
(-0.202187 -0.0503189 0)
(-0.202239 -0.0503235 0)
(-0.202192 -0.0502957 6.68406e-23)
(-0.202212 -0.0502958 0)
(-0.202214 -0.0502834 0)
(-0.202186 -0.0502649 -1.3331e-22)
(-0.20222 -0.0502652 -1.33131e-22)
(-0.202155 -0.0502377 1.33044e-22)
(-0.202206 -0.0502423 0)
(-0.202158 -0.050219 0)
(-0.202197 -0.0502188 0)
(-0.202215 -0.0502153 1.32516e-22)
(-0.202217 -0.0502044 0)
(-0.202233 -0.0501953 1.32222e-22)
(-0.202185 -0.0501768 1.32206e-22)
(-0.202223 -0.0501764 0)
(-0.202208 -0.0501597 0)
(-0.202192 -0.0501492 -1.31843e-22)
(-0.20218 -0.0501365 0)
(-0.202232 -0.0501364 0)
(-0.202166 -0.0501135 1.31458e-22)
(-0.202187 -0.0501089 1.31349e-22)
(-0.20222 -0.0501089 -1.31172e-22)
(-0.202172 -0.0500856 -1.31094e-22)
(-0.202193 -0.0500809 0)
(-0.202194 -0.0500732 0)
(-0.202179 -0.0500579 0)
(-0.20218 -0.0500533 -1.3067e-22)
(-0.202182 -0.0500409 -1.30413e-22)
(-0.202184 -0.0500347 1.30427e-22)
(-0.202203 -0.0500296 0)
(-0.202173 -0.0500125 0)
(-0.202225 -0.0500172 0)
(-0.202191 -0.0499973 -1.29941e-22)
(-0.202145 -0.049976 1.29788e-22)
(-0.202164 -0.0499759 1.2974e-22)
(-0.202197 -0.0499761 -1.29565e-22)
(-0.202149 -0.0499526 0)
(-0.20217 -0.0499479 1.29375e-22)
(-0.202172 -0.0499385 0)
(-0.202141 -0.0499261 -1.29173e-22)
(-0.202192 -0.0499309 1.29011e-22)
(-0.202176 -0.0499152 0)
(-0.202161 -0.0499016 -1.28817e-22)
(-0.20213 -0.0498892 0)
(-0.202168 -0.0498886 1.28637e-22)
(-0.202201 -0.0498889 0)
(-0.202167 -0.0498689 0)
(-0.20212 -0.0498522 0)
(-0.20214 -0.0498474 0)
(-0.202142 -0.049838 -1.28068e-22)
(-0.202143 -0.0498334 0)
(-0.202113 -0.0498162 1.27866e-22)
(-0.202133 -0.0498113 0)
(-0.202165 -0.0498163 0)
(-0.202149 -0.0498007 0)
(-0.202151 -0.0497914 0)
(-0.20212 -0.0497788 -1.2738e-22)
(-0.202124 -0.049765 0)
(-0.202124 -0.049765 0)
(-0.202127 -0.049751 0)
(-0.202111 -0.0497421 1.26944e-22)
(-0.202129 -0.0497417 0)
(-0.202148 -0.0497366 1.26783e-22)
(-0.202118 -0.0497193 0)
(-0.20212 -0.0497101 1.2652e-22)
(-0.202104 -0.0497012 0)
(-0.202105 -0.0496965 1.26387e-22)
(-0.202107 -0.0496872 0)
(-0.202109 -0.0496778 0)
(-0.20211 -0.0496731 1.26083e-22)
(-0.202112 -0.0496638 0)
(-0.202114 -0.0496544 0)
(-0.202097 -0.0496455 1.25768e-22)
(-0.202099 -0.0496409 0)
(-0.202085 -0.0496278 0)
(-0.202105 -0.0496228 1.25466e-22)
(-0.202106 -0.0496181 0)
(-0.20209 -0.0496045 0)
(-0.202074 -0.0495956 0)
(-0.202076 -0.0495863 0)
(-0.202077 -0.0495816 1.25019e-22)
(-0.202079 -0.0495722 0)
(-0.20208 -0.0495675 0)
(-0.202099 -0.0495671 -1.24786e-22)
(-0.202101 -0.049553 0)
(-0.202084 -0.0495488 1.24593e-22)
(-0.202054 -0.0495295 -1.24517e-22)
(-0.202073 -0.0495264 0)
(-0.202074 -0.0495218 1.24279e-22)
(-0.202075 -0.0495171 0)
(-0.202077 -0.0495077 -1.24097e-22)
(-0.202061 -0.0494941 0)
(-0.202094 -0.0495021 0)
(-0.202079 -0.0494838 -1.23791e-22)
(-0.20203 -0.0494695 0)
(-0.202049 -0.0494665 1.23649e-22)
(-0.202051 -0.0494571 0)
(-0.202051 -0.0494571 1.23528e-22)
(-0.20207 -0.049452 0)
(-0.202072 -0.0494426 1.23295e-22)
(-0.202024 -0.0494236 0)
(-0.202041 -0.0494252 0)
(-0.202043 -0.0494159 0)
(-0.202077 -0.0494192 1.2299e-22)
(-0.202029 -0.0494002 0)
(-0.202047 -0.0493971 1.22788e-22)
(-0.202048 -0.0493924 0)
(-0.202033 -0.0493788 1.22595e-22)
(-0.202033 -0.0493789 -1.22595e-22)
(-0.20202 -0.0493635 -1.22526e-22)
(-0.202054 -0.0493643 0)
(-0.202021 -0.0493512 0)
(-0.202022 -0.0493465 0)
(-0.20199 -0.0493317 0)
(-0.202008 -0.0493333 -1.22088e-22)
(-0.202043 -0.049332 -1.21986e-22)
(-0.201978 -0.049304 -1.21885e-22)
(-0.201995 -0.0493104 1.21834e-22)
(-0.201996 -0.0493009 0)
(-0.201948 -0.0492818 0)
(-0.202015 -0.0492957 0)
(-0.202 -0.0492822 -1.21468e-22)
(-0.201984 -0.0492733 1.21397e-22)
(-0.201952 -0.0492583 -1.21377e-22)
(-0.202003 -0.0492681 0)
(-0.201988 -0.0492546 0)
(-0.201956 -0.0492396 0)
(-0.201974 -0.0492412 0)
(-0.201976 -0.0492296 0)
(-0.201959 -0.0492229 0)
(-0.201943 -0.0492141 1.20758e-22)
(-0.201962 -0.0492113 1.20767e-22)
(-0.201963 -0.0492042 0)
(-0.201964 -0.0492042 0)
(-0.20195 -0.0491886 0)
(-0.201984 -0.0491895 1.20351e-22)
(-0.201935 -0.0491751 0)
(-0.201953 -0.049172 1.2021e-22)
(-0.201937 -0.0491608 1.20198e-22)
(-0.201938 -0.0491537 1.20017e-22)
(-0.201938 -0.0491537 1.20017e-22)
(-0.201941 -0.049142 -1.19954e-22)
(-0.201941 -0.0491396 -1.19834e-22)
(-0.201943 -0.0491326 0)
(-0.201944 -0.0491256 0)
(-0.201895 -0.0491062 0)
(-0.201928 -0.0491118 0)
(-0.20188 -0.0490926 -1.19487e-22)
(-0.201898 -0.0490896 0)
(-0.201916 -0.0490915 1.19385e-22)
(-0.201934 -0.0490886 -1.19215e-22)
(-0.201919 -0.0490726 -1.1914e-22)
(-0.201902 -0.0490708 0)
(-0.201904 -0.0490591 1.19008e-22)
(-0.201905 -0.0490567 0)
(-0.201873 -0.0490415 0)
(-0.201923 -0.0490513 0)
(-0.201876 -0.0490274 1.18683e-22)
(-0.201909 -0.049033 0)
(-0.201843 -0.0490096 0)
(-0.201893 -0.0490194 0)
(-0.201846 -0.0489955 0)
(-0.201862 -0.0489995 0)
(-0.201864 -0.0489925 1.18189e-22)
(-0.201865 -0.0489854 0)
(-0.201866 -0.0489831 1.18067e-22)
(-0.201868 -0.0489713 1.18002e-22)
(-0.201851 -0.0489648 -1.17874e-22)
(-0.201852 -0.0489624 0)
(-0.201837 -0.048949 -1.17799e-22)
(-0.201888 -0.0489588 -1.17711e-22)
(-0.201823 -0.0489307 0)
(-0.201839 -0.0489346 0)
(-0.201841 -0.0489276 0)
(-0.201825 -0.0489163 1.17422e-22)
(-0.201859 -0.0489222 1.17325e-22)
(-0.201811 -0.048903 0)
(-0.201828 -0.0489022 0)
(-0.201828 -0.0488999 0)
(-0.201831 -0.0488881 -1.17056e-22)
(-0.201797 -0.0488799 -1.17036e-22)
(-0.201848 -0.048885 0)
(-0.201834 -0.048874 -1.16873e-22)
(-0.201801 -0.048861 0)
(-0.201818 -0.0488602 1.1674e-22)
(-0.201818 -0.0488579 0)
(-0.201803 -0.0488419 1.16547e-22)
(-0.201786 -0.0488377 1.16537e-22)
(-0.201788 -0.0488308 0)
(-0.201788 -0.0488283 1.16415e-22)
(-0.20179 -0.0488189 0)
(-0.201757 -0.0488059 0)
(-0.201808 -0.0488158 0)
(-0.201776 -0.0488006 0)
(-0.201726 -0.0487835 0)
(-0.201742 -0.0487826 -1.15957e-22)
(-0.201794 -0.0487928 1.15873e-22)
(-0.201763 -0.0487777 1.15846e-22)
(-0.201763 -0.0487679 0)
(-0.201746 -0.0487637 0)
(-0.201713 -0.0487508 -1.15633e-22)
(-0.201763 -0.0487606 0)
(-0.201749 -0.0487496 1.1553e-22)
(-0.20175 -0.0487449 -1.15469e-22)
(-0.201717 -0.0487319 0)
(-0.201734 -0.048731 1.15336e-22)
(-0.201768 -0.0487371 0)
(-0.201737 -0.0487219 1.15215e-22)
(-0.201686 -0.0487095 1.15186e-22)
(-0.201719 -0.0487127 1.15143e-22)
(-0.201721 -0.0487032 0)
(-0.20172 -0.048708 0)
(-0.201722 -0.0487011 0)
(-0.201706 -0.0486897 0)
(-0.201706 -0.0486897 0)
(-0.201707 -0.048685 1.14828e-22)
(-0.201656 -0.0486678 -1.14738e-22)
(-0.201655 -0.0486674 -1.14737e-22)
(-0.201656 -0.0486627 0)
(-0.201657 -0.048658 0)
(-0.201691 -0.0486689 0)
(-0.201642 -0.0486495 0)
(-0.201659 -0.0486485 0)
(-0.201659 -0.0486485 0)
(-0.201642 -0.0486397 1.14422e-22)
(-0.201643 -0.0486397 1.14422e-22)
(-0.201609 -0.0486266 -1.14341e-22)
(-0.201624 -0.0486304 -1.1435e-22)
(-0.201643 -0.0486298 1.14299e-22)
(-0.201643 -0.0486298 0)
(-0.201677 -0.048636 0)
(-0.201646 -0.0486208 0)
(-0.201611 -0.0486172 -1.14219e-22)
(-0.201628 -0.0486115 0)
(-0.20161 -0.0486121 0)
(-0.201611 -0.0486073 1.14096e-22)
(-0.201611 -0.0486073 0)
(-0.201612 -0.0486026 -1.14035e-22)
(-0.20156 -0.0485901 -1.14006e-22)
(-0.201558 -0.0485897 0)
(-0.201576 -0.0485939 -1.14015e-22)
(-0.201576 -0.0485891 1.13953e-22)
(-0.201558 -0.0485897 -1.14005e-22)
(-0.201593 -0.048596 0)
(-0.201544 -0.0485813 1.13935e-22)
(-0.201559 -0.048585 1.13944e-22)
(-0.201559 -0.048585 1.13944e-22)
(-0.201559 -0.048585 1.13944e-22)
(-0.201542 -0.0485808 1.13934e-22)
(-0.201525 -0.0485767 1.13924e-22)
(-0.201525 -0.0485767 1.13924e-22)
(-0.201507 -0.0485773 -1.13976e-22)
(-0.201523 -0.0485762 1.13923e-22)
(-0.201506 -0.0485721 1.13914e-22)
(-0.201508 -0.0485786 0)
(-0.201509 -0.0485767 0)
(-0.201508 -0.0485786 -1.13989e-22)
(-0.201501 -0.0485805 0)
(-0.201504 -0.0485806 0)
(-0.201501 -0.0485807 0)
(-0.201492 -0.048581 1.14059e-22)
(-0.201496 -0.0485837 0)
(-0.201489 -0.0485844 0)
(-0.201449 -0.0485772 -1.14115e-22)
(-0.201461 -0.048582 0)
(-0.201458 -0.0485849 1.14188e-22)
(-0.201456 -0.0485864 0)
(-0.201452 -0.0485889 -1.14252e-22)
(-0.201448 -0.0485909 0)
(-0.201444 -0.0485955 0)
(-0.20144 -0.0485959 0)
(-0.201436 -0.0485979 0)
(-0.201434 -0.0486017 -1.14457e-22)
(-0.201397 -0.0485959 0)
(-0.201407 -0.0486021 0)
(-0.201403 -0.0486056 -1.14581e-22)
(-0.2014 -0.048609 1.14629e-22)
(-0.20143 -0.0486228 0)
(-0.201377 -0.0486116 -1.1472e-22)
(-0.201388 -0.0486188 0)
(-0.201384 -0.0486222 0)
(-0.201379 -0.0486262 0)
(-0.201343 -0.0486222 0)
(-0.20139 -0.0486412 1.14971e-22)
(-0.20137 -0.0486387 -1.15073e-22)
(-0.201368 -0.0486435 1.15139e-22)
(-0.201329 -0.0486392 0)
(-0.20134 -0.0486478 -1.15259e-22)
(-0.201338 -0.0486526 0)
(-0.201333 -0.0486601 0)
(-0.201329 -0.0486619 0)
(-0.201325 -0.0486673 -1.15539e-22)
(-0.201322 -0.048673 1.15617e-22)
(-0.201317 -0.0486804 0)
(-0.201312 -0.0486828 1.15765e-22)
(-0.201309 -0.0486891 0)
(-0.20127 -0.0486862 1.15907e-22)
(-0.201315 -0.048707 0)
(-0.201297 -0.0487069 0)
(-0.201259 -0.0487045 0)
(-0.20127 -0.0487147 1.16263e-22)
(-0.201267 -0.0487244 0)
(-0.201264 -0.0487286 1.16451e-22)
(-0.20126 -0.0487354 -1.16546e-22)
(-0.201255 -0.0487446 0)
(-0.20125 -0.0487489 0)
(-0.201212 -0.048748 -1.1682e-22)
(-0.201257 -0.0487698 -1.16895e-22)
(-0.201238 -0.0487716 -1.1705e-22)
(-0.201202 -0.0487706 0)
(-0.201246 -0.0487929 0)
(-0.201192 -0.0487856 -1.17336e-22)
(-0.201239 -0.0488088 -1.17425e-22)
(-0.201185 -0.0488015 0)
(-0.201195 -0.0488132 0)
(-0.201191 -0.0488243 0)
(-0.201189 -0.0488305 1.17905e-22)
(-0.201185 -0.0488416 0)
(-0.201183 -0.0488478 0)
(-0.201176 -0.048858 0)
(-0.201172 -0.0488648 -1.18374e-22)
(-0.201135 -0.0488658 0)
(-0.201147 -0.0488809 0)
(-0.201142 -0.0488877 1.18731e-22)
(-0.201139 -0.0488996 0)
(-0.201136 -0.0489069 0)
(-0.201131 -0.0489189 0)
(-0.201128 -0.048929 1.19192e-22)
(-0.201124 -0.0489358 1.19377e-22)
(-0.201119 -0.0489488 0)
(-0.201085 -0.0489489 0)
(-0.201131 -0.0489739 0)
(-0.201077 -0.0489697 1.19913e-22)
(-0.201089 -0.0489866 -1.20008e-22)
(-0.201119 -0.0490057 0)
(-0.201064 -0.049002 -1.20347e-22)
(-0.201076 -0.0490194 0)
(-0.201073 -0.049031 0)
(-0.201069 -0.0490398 0)
(-0.201064 -0.0490532 0)
(-0.201061 -0.0490657 1.21062e-22)
(-0.201025 -0.049067 -1.21255e-22)
(-0.20107 -0.049093 1.2138e-22)
(-0.201048 -0.0491005 0)
(-0.201011 -0.0491024 0)
(-0.201025 -0.0491212 0)
(-0.201022 -0.0491337 0)
(-0.201017 -0.0491458 0)
(-0.201015 -0.0491567 0)
(-0.201012 -0.0491714 -1.22501e-22)
(-0.201009 -0.0491848 -1.22676e-22)
(-0.201004 -0.0491969 1.22839e-22)
(-0.200999 -0.0492105 0)
(-0.200997 -0.0492235 0)
(-0.200992 -0.0492366 0)
(-0.200957 -0.0492405 -1.2359e-22)
(-0.200973 -0.0492613 0)
(-0.200969 -0.0492744 0)
(-0.200964 -0.0492884 0)
(-0.200961 -0.0493029 0)
(-0.200957 -0.0493164 1.24448e-22)
(-0.200954 -0.0493314 0)
(-0.200951 -0.0493463 0)
(-0.200947 -0.0493604 0)
(-0.200942 -0.0493754 1.25221e-22)
(-0.200939 -0.0493909 0)
(-0.200937 -0.0494063 0)
(-0.200901 -0.0494135 0)
(-0.200916 -0.0494343 0)
(-0.200913 -0.0494498 0)
(-0.20091 -0.0494667 0)
(-0.200908 -0.0494826 -1.26646e-22)
(-0.200904 -0.0494991 -1.26863e-22)
(-0.200869 -0.0495083 0)
(-0.200918 -0.0495402 0)
(-0.200896 -0.0495504 0)
(-0.200892 -0.0495678 0)
(-0.200889 -0.0495857 0)
(-0.200855 -0.0495959 1.28192e-22)
(-0.200902 -0.0496283 1.28388e-22)
(-0.200882 -0.0496408 1.28691e-22)
(-0.200848 -0.049652 1.28913e-22)
(-0.200864 -0.0496755 -1.29167e-22)
(-0.200862 -0.0496948 0)
(-0.200858 -0.049716 0)
(-0.200855 -0.0497346 0)
(-0.200822 -0.0497468 0)
(-0.20087 -0.0497821 -1.30394e-22)
(-0.200849 -0.0497961 1.30717e-22)
(-0.200816 -0.0498103 -1.30976e-22)
(-0.200863 -0.0498456 0)
(-0.200812 -0.049854 0)
(-0.200859 -0.0498898 -1.31771e-22)
(-0.200807 -0.0498988 1.32109e-22)
(-0.200825 -0.0499268 0)
(-0.200823 -0.0499521 0)
(-0.20082 -0.049974 0)
(-0.200818 -0.0499996 0)
(-0.200787 -0.050015 0)
(-0.200836 -0.050054 0)
(-0.200783 -0.0500648 0)
(-0.200831 -0.0501041 0)
(-0.200811 -0.0501251 6.74202e-23)
(-0.20078 -0.0501422 0)
(-0.200828 -0.0501827 0)
(-0.200777 -0.0501955 0)
(-0.200796 -0.0502291 0)
(-0.200795 -0.050257 0)
(-0.200794 -0.0502838 0)
(-0.200794 -0.0503135 0)
(-0.200793 -0.0503426 -6.88082e-23)
(-0.200764 -0.0503636 6.90278e-23)
(-0.200784 -0.0504 0)
(-0.200813 -0.0504378 -6.93828e-23)
(-0.200792 -0.0504637 6.9571e-23)
(-0.200764 -0.0504869 0)
(-0.200785 -0.0505255 0)
(-0.200785 -0.0505584 7.01757e-23)
(-0.200786 -0.0505919 0)
(-0.200787 -0.050626 7.05994e-23)
(-0.200788 -0.0506605 0)
(-0.20076 -0.0506874 0)
(-0.200783 -0.0507293 -7.12551e-23)
(-0.200785 -0.0507654 0)
(-0.200786 -0.0508021 -7.17093e-23)
(-0.200788 -0.0508393 -7.19419e-23)
(-0.20079 -0.0508771 0)
(-0.200793 -0.0509156 0)
(-0.200796 -0.0509548 -7.26614e-23)
(-0.200798 -0.0509946 0)
(-0.200801 -0.0510351 3.65806e-23)
(-0.200804 -0.0510765 -3.67094e-23)
(-0.200808 -0.0511185 3.68401e-23)
(-0.200812 -0.0511617 0)
(-0.200816 -0.0512056 0)
(-0.200793 -0.0512435 0)
(-0.200821 -0.0512953 0)
(-0.200826 -0.0513424 0)
(-0.200831 -0.0513906 0)
(-0.200837 -0.0514402 -3.7839e-23)
(-0.20087 -0.051499 0)
(-0.200827 -0.0515395 0)
(-0.200858 -0.0516011 0)
(-0.200866 -0.0516586 1.92564e-23)
(-0.200875 -0.0517178 0)
(-0.200859 -0.051772 0)
(-0.200893 -0.0518402 0)
(-0.200928 -0.05191 -9.81061e-24)
(-0.200915 -0.0519673 4.93275e-24)
(-0.200901 -0.0520251 2.4784e-24)
(-0.200937 -0.0520961 0)
(-0.20095 -0.0521606 -5.0068e-24)
(-0.200962 -0.0522245 1.00625e-23)
(-0.200975 -0.0522877 -1.01033e-23)
(-0.200988 -0.05235 0)
(-0.201 -0.0524109 -2.04097e-23)
(-0.201014 -0.052472 0)
(-0.201029 -0.0525407 2.06075e-23)
(-0.201023 -0.0526116 0)
(-0.201069 -0.0527023 0)
(-0.201091 -0.0527908 0)
(-0.201114 -0.0528823 0)
(-0.20116 -0.0529801 -4.2504e-23)
(-0.201157 -0.053066 -4.2812e-23)
(-0.20116 -0.0531514 0)
(-0.201212 -0.0532476 0)
(-0.201216 -0.0533289 -8.72977e-23)
(-0.201268 -0.0534183 8.77395e-23)
(-0.201314 -0.0535032 0)
(-0.201309 -0.053571 0)
(-0.201332 -0.0536424 0)
(-0.201353 -0.0537102 0)
(-0.201354 -0.05377 -8.99553e-23)
(-0.201404 -0.0538371 9.02572e-23)
(-0.201424 -0.0538942 -9.05993e-23)
(-0.201443 -0.0539495 -9.09976e-23)
(-0.201461 -0.053999 -9.12263e-23)
)
;
    }
    Outlet
    {
        type            calculated;
        value           uniform (0 0 0);
    }
}


// ************************************************************************* //
